0
0
1
1
2
3
3
4
4
6
7
7
7
8
8
8
9
10
11
13
14
18
18
19
19
20
21
22
26
26
27
27
29
29
30
31
32
33
36
36
38
38
40
41
42
43
44
45
46
47
48
50
51
53
53
54
54
55
55
55
55
55
56
56
58
59
59
63
63
63
66
66
72
72
72
73
74
75
76
77
77
82
83
84
85
86
86
86
87
88
89
95
97
98
98
98
98
98
98
100
102
104
105
105
106
107
108
109
110
110
110
110
110
111
112
113
114
117
117
118
118
118
119
120
121
122
122
123
123
123
125
126
126
127
127
129
130
131
132
132
133
135
137
138
139
139
139
139
142
143
146
147
147
147
148
149
154
160
160
160
162
162
165
167
168
168
168
168
172
172
172
172
172
173
174
174
176
177
177
178
180
181
181
182
182
183
183
184
184
185
186
186
188
188
189
189
190
190
191
193
194
194
195
196
197
198
199
200
202
204
206
209
214
215
216
217
217
219
220
222
222
224
225
225
225
227
227
228
229
229
230
233
235
235
235
235
235
237
239
239
240
242
242
242
243
245
246
248
251
251
252
252
255
255
255
256
258
258
260
261
262
262
262
262
268
269
273
276
278
278
278
279
279
280
280
281
283
283
283
285
285
285
288
292
292
292
292
295
295
295
297
298
300
303
304
304
305
306
306
307
307
307
307
308
309
310
313
314
314
314
315
315
316
317
317
318
318
319
320
322
322
323
323
323
323
324
324
324
325
325
326
327
328
328
328
328
329
329
331
331
331
332
334
335
335
336
336
338
342
342
343
344
345
347
348
351
356
358
360
360
361
363
363
364
364
365
365
367
368
369
369
369
370
370
371
372
375
375
377
377
377
377
378
378
379
379
380
381
382
382
383
386
390
391
391
391
392
395
396
397
398
398
399
399
400
401
402
402
403
403
404
404
404
405
406
408
409
410
411
411
412
413
413
414
414
415
415
416
419
419
421
422
423
424
425
425
426
426
427
428
428
428
428
430
434
435
438
439
440
441
441
442
443
444
445
447
448
448
448
450
450
451
451
453
454
454
455
455
456
457
457
461
461
462
463
464
464
464
464
466
467
468
470
471
472
473
473
476
476
476
478
479
479
481
483
483
485
486
490
491
492
494
495
495
496
496
497
498
498
499
502
503
505
507
508
508
510
510
512
513
513
514
515
516
516
518
519
519
520
520
523
524
525
528
529
531
531
534
534
534
535
536
536
537
538
538
539
539
540
543
543
543
544
545
549
551
553
553
554
557
557
558
558
562
562
564
564
565
565
567
568
569
569
570
571
571
571
572
573
573
574
575
578
579
580
585
591
591
594
595
596
598
598
602
602
603
603
604
604
605
605
607
607
610
611
611
613
613
614
615
616
617
622
624
627
628
628
629
629
630
635
635
635
637
637
637
638
638
639
641
643
644
644
646
646
646
649
649
650
651
651
654
655
656
658
658
659
661
663
663
664
670
671
671
672
673
673
674
675
676
678
679
679
679
680
680
680
680
681
682
683
685
685
686
686
687
687
688
689
689
690
692
692
695
696
697
699
700
703
704
707
708
708
709
709
709
710
710
712
712
714
715
716
716
716
717
717
717
718
718
722
726
728
729
730
731
731
731
732
732
732
732
732
734
734
734
734
735
736
737
738
740
741
741
742
743
744
745
747
747
747
748
748
749
751
751
751
751
752
752
753
754
754
754
755
757
757
757
758
758
760
760
760
761
761
761
762
764
765
768
769
771
771
772
772
772
773
774
774
775
775
776
776
777
778
778
779
779
781
784
785
785
788
789
789
790
791
791
792
792
793
793
793
793
793
794
796
799
801
802
803
804
808
808
811
811
812
812
813
814
816
816
816
818
820
821
825
825
827
828
829
829
829
830
834
835
837
838
839
839
840
841
841
841
842
844
845
845
848
850
850
851
851
851
851
852
852
853
853
855
857
857
857
860
860
860
861
861
862
863
864
868
869
869
869
871
876
878
879
879
882
883
884
884
885
886
886
886
888
889
890
890
891
892
892
893
894
894
896
896
898
898
898
899
899
902
902
902
903
904
905
905
905
905
907
908
908
908
911
914
914
916
917
918
918
918
918
920
921
921
925
925
927
929
929
930
931
932
934
934
934
935
937
937
937
938
938
940
941
941
941
942
942
943
945
947
948
948
949
949
954
955
956
957
958
958
960
962
963
963
966
966
967
969
971
975
977
977
978
979
981
982
982
983
983
984
984
985
985
989
989
990
990
990
991
991
991
992
992
993
993
993
993
993
994
994
995
998
999
999
1001
1001
1002
1002
1003
1005
1009
1011
1012
1012
1013
1013
1014
1017
1018
1018
1019
1019
1021
1023
1023
1023
1027
1028
1030
1031
1035
1035
1037
1039
1039
1039
1039
1040
1045
1045
1046
1046
1047
1049
1050
1052
1053
1057
1058
1059
1059
1060
1061
1062
1062
1063
1064
1064
1064
1065
1067
1068
1071
1071
1072
1075
1075
1076
1076
1076
1077
1077
1077
1077
1078
1078
1079
1079
1080
1082
1083
1084
1084
1085
1085
1086
1086
1086
1086
1086
1088
1088
1095
1096
1097
1100
1100
1101
1102
1105
1105
1106
1106
1106
1106
1107
1108
1108
1109
1111
1111
1112
1112
1113
1113
1115
1115
1116
1117
1119
1120
1120
1122
1125
1127
1128
1128
1129
1130
1133
1133
1134
1134
1134
1134
1135
1135
1136
1139
1139
1140
1140
1141
1142
1142
1147
1148
1150
1152
1152
1152
1153
1154
1154
1155
1156
1156
1157
1158
1159
1160
1160
1161
1161
1163
1163
1165
1165
1166
1167
1168
1168
1170
1170
1173
1173
1178
1178
1179
1180
1182
1184
1184
1184
1185
1185
1185
1187
1188
1188
1189
1191
1192
1192
1192
1193
1197
1199
1199
1200
1200
1200
1201
1204
1206
1207
1209
1209
1209
1210
1211
1211
1212
1213
1214
1215
1215
1216
1216
1217
1218
1218
1218
1221
1222
1222
1223
1223
1223
1223
1223
1225
1225
1227
1230
1230
1233
1237
1238
1239
1239
1242
1242
1243
1243
1243
1245
1245
1246
1246
1246
1250
1254
1255
1255
1256
1256
1257
1257
1260
1261
1263
1264
1264
1264
1264
1265
1266
1266
1268
1269
1269
1271
1271
1271
1272
1272
1273
1273
1275
1275
1275
1276
1276
1280
1282
1282
1282
1283
1286
1287
1288
1290
1291
1292
1292
1292
1293
1293
1293
1296
1300
1300
1301
1304
1304
1304
1304
1305
1306
1306
1310
1311
1312
1313
1314
1316
1317
1318
1318
1319
1319
1319
1320
1322
1322
1324
1325
1325
1325
1325
1326
1329
1330
1330
1330
1331
1333
1336
1337
1340
1341
1342
1342
1343
1345
1345
1346
1347
1348
1349
1352
1353
1355
1356
1356
1357
1358
1359
1359
1359
1360
1362
1364
1365
1367
1368
1370
1371
1372
1373
1373
1374
1375
1375
1376
1377
1377
1379
1381
1381
1385
1385
1386
1386
1387
1389
1390
1391
1393
1398
1399
1399
1400
1401
1402
1406
1408
1408
1409
1409
1409
1409
1410
1410
1410
1411
1411
1412
1414
1416
1416
1417
1417
1418
1420
1420
1420
1424
1426
1427
1428
1429
1432
1432
1434
1435
1435
1435
1436
1436
1438
1438
1438
1439
1439
1440
1441
1442
1446
1447
1447
1448
1452
1453
1455
1456
1461
1462
1463
1465
1469
1470
1471
1471
1471
1471
1473
1474
1475
1476
1480
1480
1482
1482
1483
1484
1485
1485
1486
1486
1488
1489
1489
1489
1489
1490
1490
1491
1491
1491
1491
1494
1497
1497
1499
1500
1501
1501
1502
1503
1505
1507
1508
1508
1510
1510
1511
1513
1513
1515
1517
1517
1519
1519
1519
1519
1520
1521
1522
1522
1522
1522
1524
1525
1525
1525
1526
1526
1528
1528
1532
1533
1535
1536
1539
1539
1541
1542
1542
1544
1545
1546
1546
1546
1549
1549
1550
1550
1551
1551
1552
1552
1554
1555
1556
1556
1556
1558
1560
1561
1561
1562
1563
1564
1564
1565
1566
1566
1567
1568
1568
1569
1569
1570
1570
1571
1572
1572
1574
1575
1575
1575
1576
1576
1578
1581
1581
1587
1588
1588
1588
1588
1589
1590
1590
1591
1591
1592
1594
1595
1595
1598
1600
1601
1602
1603
1605
1605
1605
1606
1606
1606
1606
1607
1608
1609
1609
1610
1610
1611
1612
1613
1615
1616
1618
1619
1620
1621
1622
1623
1623
1623
1624
1624
1624
1626
1627
1628
1629
1631
1631
1631
1632
1635
1635
1639
1642
1642
1643
1645
1645
1647
1647
1648
1648
1649
1650
1650
1650
1650
1651
1653
1653
1654
1654
1655
1656
1657
1658
1658
1661
1662
1662
1663
1666
1667
1671
1671
1673
1674
1676
1676
1677
1677
1678
1678
1678
1679
1679
1681
1682
1684
1684
1685
1685
1686
1686
1687
1687
1688
1689
1689
1689
1690
1692
1696
1697
1697
1698
1699
1699
1700
1703
1703
1704
1706
1708
1709
1709
1710
1710
1711
1712
1712
1713
1714
1720
1723
1724
1726
1727
1728
1729
1729
1730
1730
1731
1732
1735
1736
1736
1737
1739
1740
1743
1744
1744
1744
1745
1745
1747
1747
1748
1748
1750
1752
1753
1753
1754
1756
1756
1759
1760
1761
1761
1763
1764
1764
1767
1767
1770
1771
1772
1773
1773
1773
1777
1777
1779
1779
1781
1782
1783
1783
1784
1785
1786
1786
1786
1787
1788
1788
1789
1790
1793
1794
1795
1797
1799
1799
1800
1800
1801
1802
1803
1803
1804
1805
1805
1806
1807
1807
1808
1809
1809
1810
1811
1814
1814
1814
1815
1817
1817
1818
1821
1821
1822
1822
1823
1823
1823
1823
1824
1824
1825
1825
1826
1826
1827
1827
1827
1828
1829
1829
1829
1830
1833
1834
1836
1838
1842
1842
1843
1844
1845
1845
1847
1847
1847
1849
1849
1850
1850
1851
1852
1853
1854
1856
1858
1861
1861
1862
1862
1863
1864
1865
1866
1868
1871
1873
1873
1873
1875
1875
1876
1876
1880
1880
1882
1882
1882
1883
1884
1886
1886
1886
1887
1887
1891
1892
1892
1893
1896
1896
1897
1897
1898
1899
1899
1900
1900
1902
1902
1903
1905
1906
1907
1908
1909
1909
1909
1914
1917
1917
1919
1920
1920
1920
1922
1925
1927
1927
1927
1927
1929
1929
1931
1931
1932
1932
1934
1934
1936
1936
1936
1936
1936
1938
1939
1939
1943
1943
1943
1943
1944
1944
1944
1944
1945
1945
1945
1946
1947
1947
1947
1948
1949
1950
1950
1951
1953
1953
1954
1956
1958
1959
1959
1959
1960
1960
1961
1962
1962
1963
1964
1964
1966
1967
1967
1969
1970
1971
1972
1973
1974
1976
1976
1978
1979
1979
1980
1980
1984
1984
1984
1985
1985
1986
1986
1987
1988
1990
1990
1993
1994
1995
1996
1997
2000
2000
2000
2000
2001
2003
2003
2005
2005
2006
2007
2008
2009
2009
2011
2014
2015
2015
2017
2017
2017
2018
2019
2019
2019
2020
2023
2024
2024
2026
2027
2027
2028
2029
2031
2033
2034
2034
2035
2036
2037
2037
2037
2038
2038
2038
2039
2040
2040
2040
2041
2042
2042
2043
2043
2043
2044
2044
2047
2048
2049
2049
2050
2055
2057
2057
2059
2061
2062
2066
2068
2069
2070
2071
2071
2072
2073
2075
2077
2078
2078
2080
2082
2084
2084
2085
2086
2087
2089
2091
2091
2093
2095
2096
2097
2098
2099
2101
2104
2104
2104
2105
2106
2106
2110
2110
2110
2111
2113
2113
2115
2115
2115
2117
2119
2124
2124
2125
2126
2127
2128
2128
2129
2130
2132
2133
2134
2136
2136
2136
2138
2139
2139
2141
2142
2143
2143
2145
2145
2146
2149
2151
2152
2154
2154
2155
2155
2157
2157
2159
2160
2161
2163
2163
2165
2165
2167
2167
2168
2168
2168
2170
2170
2170
2170
2171
2171
2171
2172
2172
2173
2173
2173
2174
2175
2177
2179
2180
2181
2184
2185
2186
2188
2190
2191
2192
2194
2194
2194
2195
2196
2196
2196
2197
2197
2198
2198
2199
2200
2200
2200
2200
2200
2201
2203
2204
2205
2205
2206
2207
2208
2209
2209
2211
2212
2215
2218
2219
2220
2220
2224
2224
2228
2228
2228
2230
2230
2233
2233
2234
2236
2236
2239
2239
2241
2241
2242
2244
2246
2248
2250
2251
2254
2254
2254
2254
2256
2257
2257
2257
2258
2258
2259
2259
2260
2261
2262
2262
2267
2267
2269
2269
2270
2271
2271
2275
2275
2276
2277
2277
2278
2280
2281
2282
2284
2288
2289
2290
2290
2291
2293
2293
2295
2295
2295
2296
2296
2299
2299
2300
2300
2302
2304
2304
2309
2310
2311
2312
2312
2312
2313
2314
2314
2314
2315
2316
2317
2317
2318
2318
2321
2321
2321
2323
2323
2324
2325
2326
2329
2329
2330
2331
2331
2333
2336
2337
2338
2339
2340
2340
2341
2342
2342
2343
2344
2344
2344
2345
2350
2350
2350
2351
2352
2354
2355
2356
2357
2359
2359
2359
2360
2360
2360
2365
2366
2366
2366
2367
2367
2370
2371
2374
2375
2375
2376
2376
2377
2377
2378
2378
2379
2379
2381
2381
2382
2383
2384
2384
2385
2385
2386
2386
2387
2388
2389
2389
2392
2392
2393
2394
2395
2396
2400
2400
2404
2404
2404
2406
2406
2406
2407
2409
2410
2411
2413
2414
2415
2416
2416
2416
2417
2418
2418
2420
2421
2422
2422
2423
2423
2423
2424
2425
2427
2428
2428
2429
2429
2430
2430
2431
2432
2435
2435
2436
2437
2437
2438
2438
2438
2439
2439
2440
2441
2441
2441
2445
2449
2451
2453
2454
2454
2454
2455
2456
2456
2456
2456
2457
2458
2459
2459
2462
2462
2463
2464
2464
2465
2465
2465
2467
2469
2472
2475
2475
2475
2475
2478
2479
2480
2480
2482
2482
2482
2483
2483
2485
2485
2485
2486
2495
2496
2496
2499
2499
2500
2501
2501
2501
2503
2503
2504
2504
2504
2505
2507
2507
2508
2509
2509
2510
2512
2513
2513
2514
2517
2521
2521
2523
2523
2525
2525
2526
2526
2527
2527
2527
2529
2530
2531
2531
2533
2537
2538
2538
2539
2539
2540
2543
2544
2544
2545
2545
2546
2546
2549
2550
2553
2553
2554
2555
2556
2557
2558
2558
2560
2560
2561
2561
2562
2563
2563
2563
2565
2565
2566
2566
2569
2570
2570
2571
2571
2571
2572
2575
2579
2579
2580
2583
2584
2585
2587
2587
2587
2588
2588
2588
2588
2589
2590
2591
2593
2593
2593
2594
2595
2596
2596
2598
2600
2602
2602
2604
2605
2607
2607
2608
2609
2610
2612
2616
2616
2616
2617
2617
2618
2619
2619
2619
2619
2624
2628
2630
2630
2631
2631
2632
2632
2634
2634
2639
2642
2643
2643
2643
2644
2645
2647
2647
2647
2649
2651
2651
2652
2652
2653
2654
2654
2655
2656
2656
2656
2656
2656
2657
2658
2659
2659
2662
2662
2663
2665
2666
2668
2668
2669
2671
2672
2673
2675
2675
2676
2676
2676
2678
2678
2679
2682
2684
2685
2686
2686
2686
2686
2688
2688
2688
2690
2690
2690
2692
2694
2694
2694
2696
2697
2699
2701
2701
2701
2701
2702
2703
2703
2703
2704
2705
2706
2708
2709
2711
2712
2715
2715
2716
2717
2717
2717
2718
2718
2719
2720
2720
2720
2720
2720
2720
2721
2722
2723
2723
2723
2726
2727
2729
2731
2731
2732
2733
2733
2734
2734
2735
2735
2735
2736
2736
2737
2739
2740
2740
2743
2744
2746
2746
2749
2750
2751
2754
2756
2758
2758
2759
2760
2761
2763
2765
2766
2769
2772
2775
2780
2781
2783
2783
2784
2784
2784
2786
2786
2786
2787
2787
2787
2788
2789
2789
2789
2790
2790
2790
2793
2793
2793
2793
2794
2796
2796
2797
2800
2801
2801
2802
2802
2803
2803
2803
2804
2804
2804
2807
2808
2810
2811
2811
2811
2812
2815
2815
2816
2818
2818
2819
2820
2820
2820
2821
2823
2823
2824
2825
2827
2829
2830
2830
2831
2832
2833
2834
2834
2835
2836
2836
2838
2838
2839
2843
2849
2850
2851
2852
2854
2854
2855
2855
2856
2857
2858
2858
2859
2862
2864
2864
2869
2870
2870
2872
2873
2873
2874
2876
2877
2878
2880
2880
2882
2884
2888
2889
2889
2891
2893
2895
2897
2898
2899
2899
2901
2903
2903
2905
2905
2907
2907
2908
2909
2911
2914
2914
2916
2919
2920
2921
2921
2922
2924
2925
2926
2927
2927
2927
2927
2928
2928
2928
2929
2929
2932
2932
2933
2933
2934
2937
2937
2938
2939
2941
2942
2943
2943
2944
2948
2948
2953
2954
2954
2955
2956
2956
2956
2956
2957
2957
2959
2959
2960
2960
2960
2964
2965
2966
2968
2968
2968
2969
2971
2972
2972
2973
2974
2975
2975
2980
2982
2982
2982
2984
2985
2986
2987
2990
2990
2991
2991
2992
2993
2993
2994
2994
2995
2995
2997
2997
3000
3003
3004
3005
3007
3007
3007
3008
3009
3009
3011
3011
3012
3015
3016
3016
3016
3016
3017
3017
3017
3017
3019
3022
3022
3023
3024
3025
3026
3027
3027
3027
3029
3029
3030
3031
3036
3038
3039
3043
3044
3045
3047
3047
3047
3048
3048
3049
3049
3050
3055
3057
3057
3060
3061
3063
3064
3065
3065
3066
3066
3068
3069
3069
3069
3069
3069
3070
3072
3072
3074
3074
3075
3080
3080
3080
3082
3082
3082
3083
3084
3085
3086
3087
3088
3089
3090
3090
3091
3093
3094
3095
3096
3098
3099
3099
3100
3101
3104
3104
3105
3105
3106
3107
3107
3108
3108
3109
3110
3110
3111
3111
3111
3111
3112
3112
3114
3114
3115
3115
3115
3120
3121
3121
3121
3123
3124
3124
3125
3125
3127
3129
3129
3129
3130
3130
3132
3133
3135
3137
3138
3139
3140
3141
3142
3146
3146
3146
3146
3147
3149
3149
3149
3149
3150
3152
3153
3154
3154
3155
3157
3158
3158
3158
3159
3159
3159
3161
3162
3163
3166
3167
3168
3171
3174
3175
3177
3178
3179
3181
3181
3182
3182
3184
3184
3185
3185
3186
3187
3188
3188
3191
3191
3192
3193
3193
3193
3196
3196
3197
3198
3199
3199
3200
3202
3202
3202
3205
3205
3206
3206
3207
3208
3208
3209
3210
3211
3212
3213
3214
3216
3217
3218
3218
3218
3219
3219
3220
3223
3223
3224
3225
3227
3227
3227
3227
3228
3228
3230
3231
3231
3231
3233
3234
3234
3234
3234
3235
3237
3239
3240
3241
3241
3243
3243
3243
3244
3248
3250
3253
3254
3258
3258
3258
3259
3259
3260
3262
3263
3263
3263
3263
3265
3265
3266
3266
3266
3271
3272
3272
3273
3273
3274
3275
3276
3277
3280
3281
3282
3282
3283
3283
3283
3283
3283
3285
3285
3285
3285
3285
3286
3287
3290
3290
3291
3298
3298
3298
3298
3299
3301
3303
3303
3303
3303
3304
3304
3312
3312
3313
3314
3314
3315
3315
3315
3315
3317
3319
3322
3323
3324
3325
3326
3326
3327
3330
3330
3331
3333
3333
3334
3335
3336
3337
3338
3338
3339
3339
3343
3344
3347
3349
3350
3352
3353
3353
3353
3355
3356
3357
3358
3359
3360
3360
3361
3362
3364
3364
3366
3368
3368
3368
3369
3370
3370
3371
3371
3372
3373
3375
3376
3377
3377
3379
3379
3379
3379
3380
3380
3380
3381
3381
3382
3382
3383
3383
3385
3385
3385
3386
3386
3387
3387
3390
3390
3392
3395
3395
3398
3399
3400
3402
3402
3403
3407
3410
3413
3418
3421
3421
3422
3423
3423
3423
3424
3425
3426
3427
3428
3428
3429
3430
3432
3433
3433
3435
3435
3437
3437
3437
3438
3438
3441
3442
3444
3444
3445
3446
3446
3446
3447
3449
3450
3451
3454
3455
3456
3456
3456
3458
3458
3458
3460
3461
3461
3462
3462
3465
3466
3466
3467
3469
3472
3472
3473
3473
3477
3477
3479
3479
3480
3480
3482
3483
3484
3484
3484
3484
3486
3486
3488
3490
3490
3490
3490
3490
3491
3493
3493
3494
3495
3496
3497
3497
3498
3498
3499
3500
3500
3501
3502
3502
3502
3503
3505
3505
3505
3507
3508
3509
3510
3510
3510
3511
3512
3512
3512
3512
3513
3515
3515
3517
3517
3517
3518
3519
3519
3520
3520
3520
3522
3522
3522
3523
3524
3525
3526
3527
3528
3529
3531
3533
3534
3534
3535
3541
3542
3542
3542
3548
3549
3549
3556
3563
3565
3565
3568
3569
3569
3570
3570
3570
3573
3574
3574
3576
3577
3578
3580
3583
3584
3586
3588
3589
3589
3592
3592
3593
3597
3598
3599
3599
3599
3600
3600
3600
3601
3603
3604
3605
3605
3606
3607
3607
3608
3608
3609
3611
3612
3612
3612
3613
3615
3616
3617
3617
3617
3617
3618
3618
3619
3622
3625
3628
3629
3630
3630
3632
3633
3634
3635
3636
3637
3639
3639
3640
3642
3643
3643
3645
3646
3647
3648
3651
3651
3651
3654
3654
3655
3655
3656
3658
3658
3659
3663
3664
3664
3665
3665
3665
3665
3665
3670
3671
3671
3671
3672
3675
3675
3677
3678
3679
3680
3680
3684
3685
3686
3686
3686
3686
3686
3690
3691
3693
3694
3695
3695
3698
3700
3704
3704
3704
3704
3705
3705
3707
3707
3708
3711
3711
3711
3713
3713
3713
3715
3715
3716
3716
3717
3718
3719
3720
3721
3721
3721
3724
3724
3725
3727
3728
3729
3730
3733
3733
3735
3736
3736
3738
3739
3740
3740
3740
3741
3744
3745
3745
3746
3746
3747
3748
3748
3749
3749
3749
3752
3752
3752
3753
3756
3757
3758
3758
3759
3759
3760
3760
3761
3762
3762
3764
3765
3768
3768
3769
3770
3770
3774
3776
3776
3777
3778
3778
3780
3784
3786
3787
3787
3787
3788
3789
3790
3793
3793
3793
3796
3796
3797
3798
3799
3801
3801
3802
3803
3804
3805
3805
3805
3808
3809
3810
3810
3810
3811
3814
3815
3815
3816
3817
3817
3818
3819
3820
3821
3823
3824
3824
3824
3825
3825
3826
3827
3827
3829
3830
3832
3833
3835
3836
3836
3837
3838
3838
3840
3840
3841
3842
3843
3843
3844
3845
3845
3847
3848
3849
3849
3850
3851
3853
3854
3854
3855
3859
3864
3866
3866
3866
3870
3870
3871
3873
3874
3874
3876
3876
3876
3877
3878
3880
3882
3884
3885
3887
3890
3892
3894
3895
3897
3898
3899
3899
3904
3906
3907
3910
3911
3912
3914
3915
3916
3918
3919
3921
3921
3922
3923
3925
3926
3927
3927
3927
3927
3927
3927
3928
3930
3930
3931
3931
3932
3932
3933
3933
3933
3934
3934
3936
3937
3940
3941
3942
3943
3943
3944
3944
3945
3947
3947
3952
3953
3954
3955
3955
3956
3957
3958
3958
3959
3960
3961
3961
3961
3962
3962
3963
3964
3964
3964
3966
3967
3967
3968
3969
3969
3970
3972
3973
3974
3974
3974
3974
3975
3975
3975
3978
3978
3979
3979
3980
3980
3981
3981
3983
3983
3984
3985
3992
3995
3998
4001
4003
4003
4003
4005
4005
4008
4009
4010
4010
4011
4011
4011
4012
4012
4012
4012
4012
4016
4017
4017
4018
4020
4021
4022
4024
4025
4025
4027
4027
4029
4030
4030
4033
4034
4037
4037
4039
4041
4042
4042
4042
4044
4045
4045
4046
4048
4048
4050
4051
4051
4052
4057
4058
4060
4060
4062
4062
4064
4066
4067
4069
4069
4070
4070
4071
4072
4074
4075
4078
4078
4079
4080
4081
4081
4083
4085
4085
4085
4087
4087
4089
4089
4090
4091
4091
4091
4092
4096
4096
4096
4097
4098
4098
4099
4099
4100
4101
4102
4103
4104
4105
4106
4109
4110
4110
4110
4112
4113
4113
4114
4115
4117
4117
4121
4122
4124
4125
4128
4129
4129
4130
4130
4134
4134
4135
4135
4136
4136
4136
4136
4137
4138
4141
4141
4147
4149
4151
4151
4152
4152
4158
4159
4159
4160
4160
4161
4162
4162
4164
4167
4168
4168
4171
4171
4171
4175
4175
4175
4176
4178
4181
4181
4182
4183
4183
4184
4184
4185
4185
4186
4187
4189
4189
4190
4190
4191
4192
4192
4193
4193
4196
4198
4199
4200
4202
4202
4204
4207
4210
4211
4212
4213
4214
4215
4218
4219
4219
4220
4221
4222
4222
4225
4225
4225
4226
4226
4229
4230
4230
4230
4231
4232
4232
4233
4234
4234
4234
4235
4235
4236
4236
4236
4238
4239
4239
4240
4241
4244
4244
4245
4245
4246
4247
4249
4249
4250
4250
4251
4251
4253
4255
4258
4262
4262
4265
4265
4266
4267
4269
4269
4272
4274
4275
4277
4278
4278
4280
4280
4280
4281
4283
4288
4289
4289
4289
4289
4290
4291
4292
4292
4292
4293
4298
4298
4299
4299
4300
4304
4304
4305
4306
4306
4306
4307
4308
4309
4310
4311
4312
4313
4314
4315
4316
4318
4318
4319
4319
4319
4320
4320
4321
4321
4321
4321
4321
4322
4323
4324
4327
4328
4329
4330
4330
4330
4331
4334
4338
4339
4340
4340
4341
4342
4344
4344
4345
4346
4349
4350
4352
4357
4357
4357
4358
4358
4360
4360
4360
4361
4362
4362
4367
4368
4369
4369
4370
4372
4373
4373
4374
4375
4375
4375
4377
4378
4379
4380
4382
4383
4383
4384
4384
4385
4385
4385
4386
4386
4386
4387
4389
4389
4392
4393
4393
4395
4397
4398
4399
4399
4401
4402
4403
4403
4404
4406
4406
4408
4408
4409
4409
4409
4411
4412
4412
4412
4413
4415
4416
4419
4420
4420
4420
4421
4422
4425
4425
4426
4427
4428
4429
4430
4430
4431
4431
4431
4432
4432
4435
4436
4436
4437
4439
4439
4442
4442
4442
4446
4446
4447
4449
4449
4449
4450
4450
4451
4452
4452
4453
4453
4457
4457
4457
4457
4458
4459
4459
4459
4459
4460
4460
4460
4462
4465
4469
4470
4470
4470
4471
4471
4472
4473
4475
4475
4476
4476
4482
4484
4485
4486
4487
4488
4489
4491
4492
4493
4493
4493
4494
4495
4498
4500
4500
4501
4502
4502
4505
4506
4507
4507
4510
4511
4513
4513
4514
4514
4515
4515
4517
4517
4517
4520
4520
4521
4523
4523
4526
4526
4527
4527
4528
4528
4528
4529
4529
4530
4530
4531
4532
4532
4537
4537
4538
4539
4541
4542
4546
4546
4551
4551
4551
4553
4553
4554
4555
4556
4559
4562
4565
4566
4571
4571
4571
4574
4574
4576
4576
4577
4577
4579
4580
4581
4583
4583
4584
4586
4587
4587
4588
4588
4589
4590
4591
4591
4593
4593
4593
4593
4595
4597
4597
4598
4600
4602
4602
4603
4604
4605
4609
4610
4611
4611
4612
4612
4613
4613
4615
4617
4617
4617
4617
4617
4619
4619
4619
4620
4621
4621
4621
4622
4623
4624
4625
4627
4628
4629
4630
4631
4631
4632
4633
4633
4634
4634
4635
4636
4637
4638
4639
4639
4640
4641
4641
4641
4642
4642
4642
4643
4644
4645
4646
4646
4647
4647
4648
4649
4649
4650
4650
4650
4651
4651
4652
4654
4654
4656
4657
4658
4658
4659
4662
4663
4664
4664
4665
4666
4668
4669
4669
4669
4671
4672
4674
4675
4675
4676
4677
4682
4682
4687
4688
4689
4690
4691
4692
4693
4693
4695
4697
4698
4699
4700
4702
4702
4702
4703
4705
4707
4708
4708
4709
4712
4712
4712
4712
4713
4716
4718
4721
4721
4722
4723
4724
4724
4724
4727
4728
4728
4732
4735
4735
4737
4738
4742
4742
4743
4744
4744
4745
4746
4747
4751
4752
4752
4754
4755
4757
4760
4761
4762
4765
4765
4765
4766
4766
4766
4766
4766
4767
4767
4768
4769
4769
4769
4770
4770
4770
4771
4774
4776
4777
4778
4780
4780
4781
4783
4783
4785
4787
4788
4791
4791
4792
4793
4795
4796
4796
4797
4797
4797
4799
4799
4800
4801
4801
4804
4805
4805
4807
4807
4811
4812
4813
4815
4817
4818
4818
4820
4821
4822
4823
4824
4826
4826
4828
4828
4829
4830
4830
4830
4832
4836
4836
4837
4837
4841
4842
4842
4843
4843
4843
4846
4847
4848
4849
4849
4850
4852
4855
4856
4856
4859
4862
4865
4865
4867
4869
4870
4872
4873
4875
4876
4878
4878
4882
4882
4886
4888
4888
4889
4890
4890
4891
4891
4892
4894
4894
4895
4897
4897
4898
4899
4900
4901
4902
4902
4903
4904
4904
4905
4906
4906
4907
4907
4907
4909
4911
4911
4911
4916
4916
4919
4919
4920
4921
4922
4923
4927
4928
4928
4928
4929
4929
4930
4930
4932
4933
4934
4937
4939
4939
4939
4939
4940
4940
4940
4942
4942
4943
4943
4944
4944
4945
4945
4945
4945
4946
4948
4950
4955
4956
4956
4956
4956
4956
4958
4958
4958
4959
4959
4960
4960
4960
4961
4963
4963
4964
4964
4965
4965
4972
4973
4973
4975
4975
4976
4976
4976
4977
4977
4977
4977
4977
4978
4980
4983
4984
4984
4985
4986
4987
4989
4992
4992
4994
4996
4998
4998
5001
5002
5003
5004
5006
5006
5006
5008
5009
5009
5010
5012
5013
5014
5014
5017
5017
5017
5018
5019
5020
5020
5021
5025
5026
5026
5026
5028
5028
5028
5032
5034
5035
5036
5036
5037
5038
5040
5043
5045
5045
5046
5048
5048
5049
5049
5050
5050
5050
5051
5051
5052
5052
5054
5054
5054
5058
5059
5059
5060
5060
5060
5061
5062
5063
5063
5064
5065
5065
5066
5066
5067
5067
5068
5070
5071
5071
5073
5073
5073
5074
5079
5079
5079
5081
5081
5081
5082
5083
5087
5087
5087
5088
5089
5089
5090
5090
5091
5091
5091
5093
5093
5094
5096
5097
5097
5098
5099
5100
5100
5101
5102
5104
5104
5106
5107
5107
5108
5108
5110
5110
5111
5113
5115
5115
5116
5117
5117
5117
5118
5119
5120
5120
5120
5120
5120
5121
5122
5124
5124
5124
5128
5129
5129
5130
5130
5130
5132
5134
5135
5136
5136
5137
5137
5138
5139
5141
5141
5142
5142
5142
5144
5144
5146
5149
5150
5152
5152
5154
5154
5154
5156
5159
5159
5159
5160
5160
5160
5163
5164
5167
5168
5169
5170
5171
5173
5173
5174
5174
5174
5175
5175
5175
5176
5178
5180
5182
5182
5183
5183
5184
5185
5185
5186
5186
5186
5186
5187
5187
5189
5191
5192
5194
5195
5195
5196
5196
5199
5200
5200
5200
5201
5201
5202
5203
5204
5204
5204
5206
5208
5211
5212
5212
5212
5213
5214
5214
5216
5221
5222
5222
5222
5222
5225
5225
5226
5228
5228
5228
5233
5239
5240
5240
5240
5241
5241
5241
5245
5245
5246
5249
5250
5251
5254
5254
5254
5256
5256
5258
5258
5259
5259
5259
5260
5263
5263
5266
5269
5269
5270
5271
5271
5272
5272
5272
5274
5274
5274
5275
5276
5277
5278
5278
5280
5280
5283
5283
5286
5287
5289
5290
5290
5292
5292
5293
5293
5296
5297
5298
5299
5300
5301
5303
5304
5305
5307
5308
5308
5308
5310
5310
5311
5312
5312
5312
5317
5318
5319
5319
5320
5320
5321
5321
5322
5325
5327
5327
5329
5329
5330
5331
5333
5333
5334
5336
5337
5338
5339
5339
5340
5341
5341
5342
5343
5344
5345
5348
5348
5349
5349
5350
5351
5351
5352
5352
5352
5353
5354
5354
5354
5355
5356
5359
5361
5361
5363
5363
5364
5364
5365
5368
5369
5369
5371
5372
5373
5373
5374
5376
5377
5380
5382
5385
5388
5389
5389
5392
5392
5392
5392
5392
5395
5397
5397
5397
5398
5398
5398
5401
5401
5402
5402
5403
5403
5405
5405
5405
5406
5408
5408
5409
5412
5413
5413
5414
5414
5415
5418
5420
5421
5422
5423
5424
5425
5425
5426
5426
5428
5430
5431
5435
5435
5435
5435
5435
5436
5436
5436
5437
5437
5438
5439
5440
5441
5442
5445
5448
5449
5449
5451
5454
5456
5457
5457
5458
5459
5459
5459
5460
5460
5460
5461
5461
5462
5462
5462
5463
5464
5468
5471
5471
5472
5473
5473
5475
5476
5476
5477
5478
5479
5480
5481
5481
5481
5483
5483
5483
5486
5489
5491
5491
5491
5492
5493
5493
5493
5494
5495
5496
5498
5498
5498
5499
5501
5501
5503
5506
5507
5509
5514
5516
5516
5517
5518
5518
5518
5518
5520
5523
5523
5524
5528
5529
5530
5530
5530
5531
5532
5532
5534
5537
5537
5538
5539
5540
5540
5540
5544
5545
5545
5547
5547
5548
5548
5549
5551
5553
5555
5556
5558
5559
5559
5559
5560
5560
5560
5560
5561
5561
5566
5568
5568
5570
5571
5571
5573
5573
5574
5576
5577
5577
5578
5578
5579
5580
5580
5581
5582
5583
5584
5584
5587
5587
5588
5589
5589
5592
5592
5594
5595
5595
5596
5599
5600
5600
5601
5601
5602
5603
5603
5603
5604
5605
5606
5607
5609
5611
5613
5613
5614
5615
5617
5618
5619
5620
5621
5622
5623
5623
5623
5624
5625
5625
5626
5626
5628
5628
5630
5631
5631
5632
5633
5635
5637
5637
5637
5638
5639
5640
5640
5642
5643
5643
5644
5644
5646
5646
5646
5647
5647
5648
5648
5651
5652
5652
5653
5654
5655
5656
5656
5657
5658
5658
5658
5659
5661
5661
5661
5662
5664
5664
5665
5665
5666
5666
5668
5669
5669
5670
5673
5674
5675
5675
5676
5677
5677
5677
5679
5680
5680
5681
5681
5683
5684
5684
5686
5687
5689
5692
5692
5692
5693
5694
5694
5695
5695
5697
5697
5700
5700
5701
5702
5704
5706
5706
5707
5707
5707
5707
5708
5709
5709
5710
5712
5712
5716
5718
5719
5720
5721
5721
5724
5725
5725
5727
5727
5727
5728
5728
5728
5729
5730
5733
5734
5735
5736
5736
5736
5737
5738
5739
5739
5741
5742
5742
5742
5742
5744
5746
5746
5747
5748
5749
5749
5750
5751
5752
5752
5754
5755
5756
5757
5757
5757
5757
5759
5759
5760
5760
5760
5761
5761
5762
5763
5763
5764
5764
5764
5766
5766
5766
5767
5768
5772
5774
5774
5774
5775
5775
5775
5779
5780
5784
5786
5787
5788
5789
5789
5790
5790
5791
5794
5794
5794
5794
5795
5796
5796
5797
5799
5800
5802
5806
5808
5808
5808
5809
5810
5810
5811
5813
5814
5815
5815
5817
5817
5818
5819
5821
5822
5822
5823
5823
5824
5825
5828
5828
5829
5832
5832
5836
5838
5841
5841
5842
5843
5843
5846
5848
5849
5850
5850
5850
5851
5852
5852
5852
5853
5854
5858
5859
5861
5863
5864
5865
5865
5867
5868
5868
5868
5868
5870
5870
5870
5871
5871
5871
5872
5872
5874
5874
5876
5877
5877
5879
5879
5880
5882
5882
5882
5882
5883
5883
5885
5885
5886
5890
5891
5892
5894
5895
5895
5896
5896
5896
5897
5898
5898
5901
5905
5908
5908
5910
5911
5913
5915
5916
5917
5919
5921
5924
5925
5926
5927
5932
5932
5932
5933
5936
5939
5940
5940
5941
5941
5944
5945
5947
5947
5948
5948
5949
5949
5950
5951
5953
5954
5955
5955
5955
5956
5957
5957
5957
5959
5961
5961
5961
5962
5962
5966
5967
5968
5968
5968
5969
5970
5970
5970
5971
5973
5974
5974
5975
5977
5977
5977
5979
5979
5980
5981
5981
5982
5982
5982
5984
5984
5985
5986
5988
5989
5991
5994
5994
5996
5996
5997
5997
5997
5997
5998
5998
6000
6001
6001
6001
6002
6003
6003
6005
6006
6006
6007
6007
6008
6008
6008
6010
6011
6011
6011
6012
6014
6015
6015
6016
6018
6018
6019
6020
6020
6021
6021
6022
6024
6025
6025
6025
6026
6026
6027
6028
6028
6028
6030
6032
6032
6033
6034
6034
6035
6036
6038
6039
6040
6041
6041
6041
6042
6042
6042
6045
6045
6045
6045
6046
6046
6047
6048
6048
6048
6049
6050
6052
6054
6057
6059
6060
6061
6061
6061
6062
6062
6063
6063
6063
6064
6066
6066
6068
6068
6069
6070
6070
6070
6071
6071
6071
6071
6071
6071
6072
6072
6072
6072
6072
6073
6073
6073
6073
6074
6078
6078
6079
6079
6081
6082
6083
6087
6087
6087
6087
6088
6088
6088
6089
6091
6092
6092
6096
6096
6097
6098
6100
6100
6101
6102
6104
6104
6104
6105
6106
6107
6107
6108
6109
6110
6110
6110
6111
6112
6112
6115
6115
6118
6121
6122
6122
6123
6124
6125
6126
6126
6127
6128
6128
6129
6130
6130
6131
6135
6136
6137
6137
6138
6139
6139
6139
6140
6141
6141
6141
6141
6141
6144
6145
6146
6147
6151
6151
6152
6153
6153
6154
6154
6156
6157
6158
6160
6160
6161
6161
6162
6162
6163
6163
6164
6165
6167
6168
6168
6169
6169
6171
6171
6171
6175
6175
6175
6179
6179
6179
6180
6183
6183
6183
6183
6184
6185
6185
6190
6191
6191
6191
6194
6195
6196
6196
6197
6199
6200
6200
6201
6203
6204
6205
6205
6206
6207
6209
6210
6211
6213
6213
6214
6216
6216
6217
6219
6219
6220
6220
6221
6221
6223
6224
6225
6225
6228
6229
6232
6232
6233
6235
6235
6236
6236
6236
6237
6237
6237
6237
6241
6242
6243
6244
6244
6246
6246
6249
6250
6253
6255
6257
6257
6258
6259
6260
6261
6262
6264
6264
6265
6265
6269
6271
6271
6273
6273
6273
6273
6275
6275
6276
6277
6277
6279
6279
6282
6282
6282
6283
6286
6286
6288
6289
6290
6291
6292
6292
6294
6294
6294
6295
6297
6297
6297
6297
6297
6299
6300
6301
6302
6302
6304
6304
6305
6306
6307
6308
6309
6310
6312
6312
6313
6318
6318
6320
6321
6322
6323
6323
6324
6326
6326
6330
6332
6332
6333
6333
6335
6337
6338
6338
6340
6340
6340
6342
6342
6343
6344
6345
6345
6346
6346
6347
6348
6349
6350
6351
6351
6352
6352
6357
6357
6358
6359
6361
6361
6361
6363
6364
6365
6366
6367
6368
6369
6374
6376
6376
6378
6379
6379
6380
6382
6382
6384
6386
6389
6389
6390
6391
6391
6394
6396
6397
6398
6399
6400
6400
6400
6401
6405
6405
6405
6406
6407
6408
6408
6409
6411
6412
6413
6414
6415
6416
6417
6417
6418
6418
6419
6419
6419
6420
6423
6424
6424
6425
6426
6427
6428
6433
6433
6435
6435
6437
6437
6439
6440
6440
6441
6441
6442
6443
6443
6445
6446
6446
6446
6449
6449
6452
6452
6453
6454
6455
6455
6456
6457
6458
6458
6459
6459
6459
6461
6461
6462
6463
6464
6464
6465
6466
6466
6466
6468
6469
6471
6471
6474
6476
6476
6477
6477
6480
6481
6481
6482
6484
6484
6485
6486
6486
6487
6487
6488
6491
6492
6493
6494
6496
6496
6497
6501
6502
6504
6504
6505
6506
6507
6507
6508
6508
6511
6512
6514
6514
6516
6517
6517
6517
6519
6519
6519
6520
6525
6526
6526
6526
6531
6531
6534
6535
6537
6537
6538
6538
6540
6540
6544
6544
6545
6545
6546
6548
6548
6551
6552
6552
6552
6554
6554
6556
6558
6559
6559
6559
6561
6563
6563
6565
6566
6568
6569
6569
6569
6569
6569
6571
6571
6573
6574
6576
6577
6577
6579
6580
6581
6587
6587
6588
6589
6589
6590
6591
6592
6592
6593
6594
6594
6594
6595
6597
6597
6597
6597
6598
6599
6599
6600
6601
6602
6602
6603
6605
6606
6608
6609
6610
6611
6611
6612
6612
6613
6614
6616
6616
6616
6616
6619
6622
6623
6624
6627
6627
6628
6631
6632
6633
6633
6634
6642
6643
6644
6645
6645
6646
6647
6647
6648
6649
6653
6654
6656
6658
6658
6660
6660
6661
6662
6663
6667
6669
6669
6669
6672
6672
6672
6672
6672
6673
6673
6674
6674
6674
6675
6676
6676
6676
6677
6678
6678
6679
6679
6684
6684
6686
6687
6688
6690
6690
6691
6694
6695
6696
6696
6697
6698
6698
6699
6699
6700
6700
6701
6703
6703
6705
6706
6707
6707
6710
6712
6712
6712
6713
6714
6715
6717
6719
6720
6720
6723
6723
6725
6727
6727
6728
6728
6729
6730
6732
6733
6733
6733
6734
6737
6738
6739
6739
6740
6740
6740
6740
6741
6742
6742
6742
6744
6744
6744
6745
6746
6746
6747
6747
6748
6749
6750
6753
6754
6756
6757
6758
6758
6760
6761
6761
6763
6763
6766
6767
6768
6768
6769
6770
6770
6771
6771
6771
6772
6773
6775
6776
6778
6778
6784
6785
6786
6788
6789
6789
6790
6792
6792
6792
6792
6792
6794
6794
6795
6795
6796
6799
6800
6800
6800
6802
6802
6803
6804
6805
6807
6808
6808
6809
6810
6810
6810
6812
6814
6820
6821
6824
6825
6825
6826
6827
6828
6830
6831
6832
6834
6835
6835
6836
6838
6839
6839
6839
6840
6841
6841
6841
6842
6842
6843
6844
6845
6847
6848
6848
6854
6854
6854
6855
6855
6856
6856
6857
6858
6858
6860
6860
6861
6862
6866
6866
6867
6867
6868
6869
6869
6870
6874
6874
6875
6877
6880
6884
6885
6885
6885
6886
6888
6888
6889
6889
6890
6891
6891
6896
6896
6897
6898
6898
6898
6900
6900
6901
6902
6904
6906
6907
6908
6908
6909
6911
6912
6912
6913
6915
6918
6918
6920
6922
6925
6925
6926
6927
6927
6927
6928
6930
6930
6931
6934
6935
6935
6936
6937
6940
6940
6941
6943
6944
6945
6945
6945
6945
6945
6946
6946
6946
6948
6948
6949
6952
6952
6953
6953
6953
6953
6954
6958
6960
6962
6963
6964
6966
6968
6968
6969
6969
6972
6972
6972
6973
6973
6974
6976
6976
6980
6980
6981
6982
6983
6984
6985
6986
6987
6988
6989
6989
6990
6991
6991
6993
6994
6994
6995
6996
6998
6998
7000
7001
7001
7002
7003
7003
7004
7008
7009
7010
7010
7010
7011
7011
7012
7013
7013
7013
7013
7015
7019
7019
7019
7020
7020
7021
7022
7025
7025
7025
7030
7030
7031
7032
7036
7038
7038
7039
7040
7040
7041
7042
7042
7043
7044
7046
7047
7048
7052
7052
7053
7054
7054
7054
7055
7055
7056
7058
7058
7059
7061
7062
7063
7065
7069
7070
7070
7072
7072
7072
7074
7074
7076
7076
7079
7080
7081
7081
7082
7082
7083
7084
7084
7085
7086
7087
7087
7088
7093
7094
7095
7095
7095
7096
7098
7099
7102
7103
7103
7103
7104
7107
7108
7109
7110
7110
7110
7111
7115
7118
7118
7118
7119
7121
7121
7121
7122
7124
7125
7126
7128
7129
7129
7133
7133
7133
7134
7134
7135
7138
7138
7141
7141
7142
7142
7144
7144
7146
7147
7148
7149
7150
7151
7151
7152
7154
7154
7155
7156
7157
7160
7160
7161
7161
7163
7164
7164
7167
7169
7170
7171
7171
7172
7172
7173
7175
7175
7175
7176
7179
7179
7180
7181
7181
7182
7182
7183
7184
7184
7185
7187
7187
7189
7189
7190
7190
7192
7192
7196
7197
7197
7197
7197
7197
7198
7199
7202
7203
7204
7205
7206
7206
7207
7207
7209
7211
7213
7213
7214
7215
7215
7217
7218
7218
7218
7219
7219
7220
7221
7222
7223
7225
7225
7226
7226
7226
7226
7228
7230
7230
7230
7230
7230
7237
7237
7238
7238
7239
7239
7241
7242
7243
7243
7243
7244
7245
7245
7246
7246
7247
7247
7248
7248
7248
7249
7250
7251
7251
7251
7252
7252
7253
7254
7256
7256
7258
7260
7262
7262
7263
7264
7264
7265
7265
7265
7266
7268
7269
7269
7269
7270
7272
7272
7272
7273
7273
7275
7276
7276
7281
7281
7282
7285
7286
7290
7291
7291
7292
7293
7296
7297
7298
7298
7300
7300
7302
7303
7303
7303
7305
7306
7308
7308
7309
7310
7310
7313
7316
7316
7317
7317
7317
7320
7323
7323
7324
7325
7326
7326
7327
7327
7328
7328
7328
7328
7329
7329
7330
7331
7332
7332
7334
7336
7336
7336
7338
7339
7339
7339
7339
7340
7341
7342
7343
7345
7345
7346
7346
7346
7346
7348
7349
7349
7349
7349
7350
7355
7356
7356
7358
7360
7360
7360
7362
7362
7362
7363
7364
7365
7367
7367
7368
7368
7370
7370
7370
7370
7371
7371
7373
7373
7373
7374
7376
7377
7378
7378
7380
7380
7381
7382
7383
7384
7385
7385
7385
7386
7386
7387
7388
7388
7388
7390
7391
7391
7392
7393
7394
7394
7395
7395
7396
7396
7396
7396
7396
7397
7398
7400
7402
7405
7408
7408
7410
7411
7411
7412
7413
7414
7414
7414
7415
7419
7421
7421
7423
7426
7429
7430
7430
7431
7432
7433
7434
7435
7435
7436
7441
7442
7442
7442
7443
7443
7445
7445
7448
7450
7450
7450
7450
7451
7452
7452
7452
7452
7455
7455
7457
7457
7458
7458
7461
7462
7465
7465
7465
7469
7473
7473
7474
7475
7476
7476
7477
7478
7478
7479
7480
7482
7486
7486
7487
7488
7488
7488
7489
7489
7491
7494
7495
7495
7496
7496
7496
7497
7497
7499
7500
7500
7501
7501
7502
7502
7504
7504
7506
7506
7507
7508
7510
7511
7513
7514
7516
7517
7518
7518
7520
7520
7522
7523
7527
7530
7531
7531
7531
7534
7536
7536
7538
7539
7540
7541
7541
7542
7543
7544
7545
7545
7546
7547
7548
7548
7549
7552
7554
7554
7558
7560
7564
7566
7567
7567
7567
7569
7570
7572
7572
7573
7573
7575
7575
7576
7576
7578
7578
7579
7581
7581
7581
7582
7585
7586
7587
7588
7591
7592
7594
7594
7594
7595
7596
7602
7605
7605
7606
7607
7607
7608
7608
7608
7611
7611
7615
7616
7616
7616
7617
7617
7618
7620
7621
7622
7623
7623
7623
7626
7626
7627
7627
7628
7628
7629
7631
7632
7633
7635
7635
7636
7637
7638
7638
7639
7641
7643
7643
7644
7644
7645
7645
7646
7646
7647
7648
7649
7652
7652
7652
7653
7654
7654
7655
7656
7656
7657
7658
7661
7661
7662
7665
7665
7665
7668
7668
7669
7670
7673
7673
7673
7674
7677
7677
7678
7678
7679
7679
7679
7681
7684
7685
7689
7689
7690
7690
7691
7691
7693
7693
7694
7695
7697
7702
7703
7707
7707
7708
7710
7711
7711
7712
7714
7715
7715
7715
7717
7717
7719
7720
7721
7721
7721
7723
7725
7730
7733
7739
7740
7742
7742
7743
7743
7743
7743
7745
7746
7746
7748
7748
7749
7751
7752
7752
7754
7755
7758
7758
7760
7761
7761
7767
7768
7768
7769
7771
7773
7774
7777
7779
7779
7779
7780
7782
7784
7785
7785
7786
7788
7788
7789
7789
7790
7790
7795
7795
7796
7797
7797
7798
7798
7799
7801
7805
7805
7806
7806
7807
7807
7808
7811
7815
7816
7816
7816
7817
7817
7817
7818
7819
7819
7819
7819
7821
7823
7823
7826
7826
7828
7828
7829
7830
7830
7831
7831
7832
7832
7832
7832
7832
7838
7844
7845
7845
7846
7847
7849
7850
7850
7850
7850
7851
7854
7856
7856
7858
7859
7859
7860
7860
7860
7861
7861
7861
7862
7862
7864
7865
7865
7865
7867
7868
7868
7869
7870
7870
7871
7872
7872
7873
7874
7877
7877
7879
7879
7879
7880
7883
7884
7885
7886
7886
7887
7888
7888
7889
7890
7890
7892
7892
7892
7893
7897
7898
7898
7898
7900
7901
7902
7902
7904
7904
7904
7905
7906
7907
7907
7908
7910
7911
7911
7913
7914
7916
7917
7917
7918
7918
7921
7926
7927
7929
7933
7936
7937
7940
7941
7942
7944
7946
7948
7948
7949
7949
7958
7960
7960
7960
7962
7963
7964
7965
7965
7966
7966
7967
7968
7969
7969
7970
7971
7973
7974
7975
7975
7976
7977
7977
7978
7980
7981
7982
7983
7983
7984
7985
7985
7986
7986
7987
7988
7991
7992
7993
7995
7996
7997
7998
7998
7999
7999
7999
8000
8002
8004
8005
8006
8007
8008
8008
8010
8013
8014
8015
8019
8020
8021
8022
8022
8023
8024
8025
8025
8026
8026
8027
8028
8028
8028
8031
8034
8034
8034
8035
8036
8038
8041
8042
8042
8043
8045
8045
8046
8046
8049
8050
8050
8050
8052
8053
8055
8056
8058
8058
8058
8060
8062
8063
8063
8066
8066
8067
8068
8070
8070
8072
8073
8076
8076
8076
8079
8080
8081
8082
8082
8082
8084
8084
8085
8086
8089
8089
8089
8089
8093
8093
8097
8097
8098
8098
8099
8099
8100
8101
8101
8101
8103
8103
8104
8104
8105
8105
8106
8106
8107
8107
8108
8108
8111
8111
8111
8112
8112
8113
8114
8117
8119
8119
8120
8120
8122
8123
8124
8124
8125
8125
8125
8126
8126
8128
8131
8131
8131
8132
8132
8132
8132
8133
8133
8133
8136
8139
8141
8142
8142
8143
8143
8143
8144
8145
8145
8145
8146
8148
8149
8149
8150
8151
8153
8153
8155
8156
8157
8157
8158
8158
8158
8159
8161
8162
8163
8163
8164
8164
8164
8164
8166
8167
8168
8171
8176
8176
8176
8177
8178
8179
8181
8182
8183
8184
8184
8185
8189
8191
8192
8195
8195
8197
8199
8201
8201
8201
8201
8205
8206
8211
8211
8211
8212
8213
8213
8214
8215
8215
8216
8216
8217
8218
8219
8220
8220
8220
8221
8223
8223
8223
8223
8223
8224
8225
8227
8227
8228
8228
8229
8230
8231
8232
8232
8234
8235
8236
8236
8237
8239
8240
8240
8243
8244
8244
8245
8245
8247
8247
8248
8248
8249
8249
8249
8250
8250
8251
8252
8252
8254
8254
8255
8255
8255
8256
8257
8257
8258
8258
8259
8259
8259
8259
8260
8262
8263
8263
8265
8265
8265
8266
8268
8268
8269
8272
8272
8272
8273
8274
8275
8276
8276
8277
8279
8281
8281
8282
8284
8284
8286
8286
8287
8288
8291
8291
8292
8292
8292
8293
8293
8296
8297
8299
8299
8302
8303
8305
8311
8314
8316
8317
8317
8319
8319
8320
8320
8322
8323
8323
8325
8326
8333
8333
8333
8333
8334
8336
8337
8337
8337
8338
8339
8339
8339
8339
8340
8340
8341
8342
8342
8343
8343
8343
8343
8344
8345
8350
8351
8352
8353
8353
8353
8353
8354
8354
8355
8355
8355
8356
8358
8361
8362
8363
8363
8367
8368
8370
8370
8372
8373
8376
8377
8378
8378
8381
8382
8382
8382
8382
8383
8384
8384
8386
8387
8389
8389
8389
8390
8393
8393
8394
8395
8397
8398
8402
8402
8403
8403
8406
8406
8407
8408
8409
8410
8412
8413
8413
8415
8416
8416
8419
8420
8420
8420
8421
8422
8423
8423
8423
8424
8424
8425
8426
8427
8428
8428
8428
8430
8431
8431
8431
8432
8434
8434
8436
8444
8445
8445
8446
8447
8448
8448
8448
8449
8450
8450
8450
8451
8451
8452
8453
8455
8455
8455
8455
8455
8456
8457
8460
8461
8462
8464
8465
8468
8468
8469
8470
8471
8474
8475
8475
8476
8479
8479
8479
8479
8480
8484
8488
8488
8490
8493
8493
8495
8495
8496
8497
8497
8500
8500
8502
8502
8503
8506
8507
8507
8507
8507
8509
8509
8509
8511
8511
8511
8511
8511
8512
8513
8513
8514
8515
8518
8520
8521
8522
8522
8522
8525
8525
8528
8530
8530
8530
8531
8531
8534
8535
8536
8537
8537
8538
8539
8539
8540
8541
8541
8541
8542
8542
8544
8544
8544
8547
8547
8547
8548
8549
8554
8555
8557
8558
8558
8560
8561
8562
8563
8568
8569
8573
8575
8576
8578
8578
8580
8580
8581
8581
8582
8582
8583
8586
8589
8590
8591
8593
8594
8595
8596
8599
8600
8602
8603
8604
8605
8607
8608
8611
8611
8613
8614
8615
8615
8620
8620
8621
8624
8624
8627
8627
8627
8628
8629
8630
8632
8633
8633
8635
8635
8635
8636
8636
8640
8640
8640
8640
8642
8642
8643
8644
8644
8646
8647
8649
8650
8651
8653
8654
8654
8655
8656
8657
8658
8658
8659
8659
8659
8661
8661
8663
8663
8663
8664
8665
8666
8666
8666
8666
8667
8668
8669
8669
8670
8670
8670
8671
8675
8675
8676
8676
8677
8677
8678
8678
8680
8681
8682
8684
8684
8686
8686
8688
8689
8690
8691
8693
8694
8695
8695
8697
8698
8699
8699
8701
8701
8703
8705
8705
8706
8707
8709
8709
8710
8710
8711
8711
8713
8714
8714
8715
8715
8716
8718
8718
8719
8720
8720
8721
8722
8722
8723
8723
8723
8724
8725
8725
8726
8727
8730
8731
8732
8734
8735
8738
8738
8738
8741
8742
8743
8744
8744
8745
8746
8746
8747
8747
8747
8748
8749
8750
8751
8752
8753
8753
8753
8754
8754
8755
8756
8757
8760
8760
8762
8763
8765
8765
8769
8770
8770
8771
8774
8775
8775
8776
8777
8778
8779
8779
8779
8780
8781
8781
8781
8781
8784
8785
8785
8786
8786
8787
8787
8788
8788
8788
8789
8789
8790
8791
8791
8792
8792
8792
8793
8795
8797
8802
8804
8805
8805
8805
8805
8806
8806
8807
8807
8809
8809
8811
8811
8812
8814
8815
8815
8816
8818
8819
8820
8821
8822
8822
8823
8824
8824
8824
8825
8826
8827
8827
8828
8829
8830
8832
8833
8833
8834
8835
8835
8835
8836
8841
8842
8842
8843
8844
8844
8845
8845
8848
8849
8849
8849
8849
8850
8852
8854
8854
8855
8856
8857
8858
8858
8859
8859
8860
8861
8861
8861
8862
8862
8863
8864
8865
8866
8868
8868
8869
8869
8870
8870
8871
8873
8874
8877
8878
8878
8878
8879
8882
8882
8882
8882
8883
8885
8886
8887
8888
8888
8888
8888
8888
8890
8890
8892
8892
8893
8895
8897
8897
8897
8899
8901
8903
8903
8905
8906
8907
8908
8911
8914
8914
8918
8920
8921
8921
8921
8922
8922
8924
8925
8926
8926
8927
8927
8928
8928
8929
8934
8935
8936
8938
8938
8938
8939
8940
8940
8941
8944
8944
8945
8945
8945
8945
8948
8949
8950
8951
8951
8952
8952
8955
8957
8959
8959
8960
8961
8961
8961
8963
8964
8965
8966
8966
8969
8970
8970
8971
8971
8971
8973
8973
8973
8973
8974
8974
8975
8977
8977
8978
8978
8979
8981
8983
8983
8983
8983
8984
8985
8986
8986
8987
8988
8990
8995
8996
8998
8999
9001
9003
9003
9004
9004
9004
9004
9005
9008
9009
9010
9013
9015
9016
9017
9017
9017
9018
9019
9020
9021
9022
9022
9022
9023
9025
9026
9026
9028
9028
9029
9030
9030
9030
9030
9032
9033
9034
9036
9037
9038
9040
9040
9042
9043
9045
9046
9046
9048
9048
9050
9051
9051
9051
9051
9052
9052
9053
9053
9054
9055
9055
9058
9058
9058
9058
9060
9060
9061
9062
9063
9064
9065
9065
9069
9071
9072
9073
9073
9075
9075
9076
9076
9077
9078
9079
9080
9082
9083
9083
9084
9085
9085
9085
9086
9087
9087
9087
9090
9090
9090
9092
9093
9094
9095
9100
9101
9103
9103
9104
9105
9106
9106
9109
9110
9110
9111
9111
9114
9119
9120
9120
9121
9123
9125
9126
9127
9127
9128
9132
9133
9134
9134
9136
9137
9139
9141
9142
9142
9144
9144
9147
9147
9148
9149
9150
9150
9151
9152
9153
9153
9154
9154
9154
9155
9156
9156
9158
9158
9158
9159
9160
9161
9162
9162
9162
9164
9164
9164
9167
9172
9173
9174
9177
9178
9179
9180
9181
9182
9182
9182
9184
9184
9185
9189
9190
9191
9192
9193
9194
9195
9197
9197
9198
9199
9200
9205
9206
9206
9207
9208
9208
9210
9211
9213
9214
9214
9215
9216
9218
9218
9220
9221
9222
9222
9224
9226
9226
9226
9227
9227
9230
9231
9232
9232
9232
9233
9233
9233
9235
9235
9235
9235
9236
9238
9240
9241
9242
9242
9242
9242
9242
9243
9245
9248
9248
9249
9249
9250
9252
9253
9254
9255
9256
9256
9258
9261
9262
9263
9263
9263
9263
9265
9265
9266
9268
9268
9268
9269
9269
9271
9275
9275
9275
9275
9278
9278
9279
9279
9280
9282
9285
9286
9287
9290
9294
9295
9296
9297
9298
9298
9301
9302
9305
9305
9305
9307
9308
9308
9308
9310
9312
9312
9313
9314
9315
9318
9318
9319
9321
9321
9322
9322
9322
9322
9324
9324
9325
9325
9331
9331
9333
9334
9334
9336
9339
9339
9340
9341
9341
9344
9344
9345
9345
9346
9346
9347
9348
9348
9349
9349
9350
9352
9352
9352
9353
9353
9353
9356
9356
9356
9361
9361
9363
9365
9367
9367
9367
9372
9373
9373
9374
9375
9375
9377
9378
9378
9378
9379
9380
9383
9383
9385
9385
9387
9389
9390
9390
9393
9394
9394
9394
9395
9399
9399
9399
9401
9402
9405
9406
9407
9408
9411
9411
9411
9412
9413
9416
9416
9416
9417
9417
9417
9418
9418
9418
9421
9421
9423
9423
9426
9426
9429
9430
9433
9434
9434
9435
9435
9436
9436
9436
9437
9437
9438
9438
9440
9442
9443
9447
9447
9447
9448
9451
9451
9453
9455
9457
9457
9458
9458
9459
9459
9459
9460
9461
9461
9461
9462
9462
9462
9464
9465
9466
9466
9466
9467
9469
9470
9470
9474
9474
9475
9476
9476
9477
9478
9480
9481
9482
9483
9484
9485
9486
9486
9487
9488
9488
9489
9491
9491
9492
9492
9495
9495
9496
9496
9498
9500
9501
9501
9504
9505
9505
9507
9507
9510
9510
9511
9511
9512
9514
9515
9516
9516
9517
9519
9519
9519
9520
9521
9522
9523
9523
9528
9528
9529
9530
9530
9530
9531
9532
9532
9532
9532
9533
9534
9534
9535
9540
9540
9543
9544
9544
9545
9545
9546
9546
9546
9546
9546
9546
9548
9548
9549
9550
9551
9552
9553
9553
9553
9554
9554
9556
9556
9557
9558
9560
9560
9560
9563
9564
9565
9568
9568
9568
9569
9570
9570
9571
9571
9571
9571
9572
9573
9573
9573
9574
9575
9576
9578
9580
9580
9582
9582
9583
9583
9584
9585
9587
9590
9590
9591
9593
9593
9594
9594
9596
9596
9597
9598
9598
9599
9599
9601
9602
9602
9602
9603
9604
9604
9605
9605
9608
9608
9613
9614
9617
9618
9618
9620
9620
9624
9624
9624
9625
9625
9626
9627
9628
9629
9629
9629
9631
9632
9633
9633
9635
9636
9638
9640
9640
9641
9644
9648
9649
9650
9650
9651
9655
9655
9655
9656
9657
9660
9660
9662
9663
9664
9664
9665
9666
9668
9668
9669
9670
9670
9670
9671
9673
9675
9677
9681
9681
9682
9683
9685
9685
9688
9688
9689
9689
9691
9691
9692
9693
9693
9697
9697
9698
9698
9701
9701
9702
9705
9705
9706
9707
9708
9710
9710
9712
9715
9715
9715
9716
9716
9717
9717
9719
9720
9723
9723
9728
9732
9733
9733
9733
9735
9736
9736
9738
9740
9742
9743
9745
9745
9746
9749
9749
9749
9750
9750
9751
9755
9757
9758
9758
9762
9763
9763
9765
9765
9767
9770
9773
9777
9777
9778
9779
9779
9780
9782
9785
9788
9791
9792
9792
9792
9793
9793
9794
9796
9799
9800
9800
9802
9802
9803
9803
9806
9807
9807
9808
9809
9812
9813
9813
9815
9815
9816
9817
9821
9822
9822
9823
9824
9825
9826
9828
9828
9830
9832
9832
9832
9833
9834
9834
9835
9836
9837
9838
9839
9841
9842
9843
9845
9846
9846
9848
9849
9849
9849
9851
9851
9851
9853
9854
9854
9855
9855
9855
9856
9856
9856
9856
9861
9861
9862
9863
9865
9865
9866
9866
9867
9868
9871
9872
9873
9873
9874
9876
9876
9876
9881
